 175 177 177 177 177 177 176 176 157 131 123 147 175 176 176 173
 176 178 178 177 176 177 139  68  32  31  30  32  62 158 177 172
 176 178 162 107  85  56  32  31  32  97  42  29  31  49 161 173
 176 149  51  33  31  30  31  30 105  89  30  30  30  29  69 172
 148  41 133  77  31  30  31  40 152  67  31  29  29  29  30 138
  53  30  30  29  29  30  30  94 105  30  30  30  29  29  29  91
  70  30  29  29  29  29  30 113  83  33  34  32  30  39  29  59
 162  66  32  36  30  29  67 145 168 154 149 143 125  77  28  51
 175 174 167 176 131 120 126  62  33  30  29  30  29  29  28  62
 176 177 177 177 176 111  30  30  64  68  81  32  48  29  27  95
 175 176 177 176 162  36  35 109  87  67 164  98 100  29  30 145
 174 176 177 176 135  30  83 159 167 157 174 156  84  29  88 169
 175 177 177 175 143  33  91 129 173  81 144  99  30  68 168 171
 175 176 175 174 174  62  29  69  82  49  37  29  81 168 173 171
 173 174 174 174 174 158  81  35  31  36  72 132 172 174 173 170
 168 172 172 171 169 168 167 165 163 168 166 168 166 167 167 162
 180 179 180 179 179 179 178 179 158 131 122 146 178 178 178 178
 180 181 181 179 179 179 138  64  27  27  26  28  57 158 180 178
 180 180 165 103  82  51  27  27  28  95  38  25  27  44 162 177
 180 150  42  27  27  26  27  26 103  83  26  26  26  25  64 177
 151  35 136  74  27  26  27  36 153  63  27  25  25  25  26 139
  46  26  26  25  26  26  26  93 102  26  26  26  25  25  25  91
  62  26  25  25  25  25  26 112  75  26  26  25  25  35  25  57
 164  57  26  29  25  25  63 145 170 157 152 144 124  77  24  51
 179 177 168 179 127 117 127  59  29  25  25  26  25  25  24  62
 180 180 180 180 179 110  25  26  60  66  77  25  45  25  24  94
 179 179 180 179 165  30  31 104  82  59 166  90  97  25  24 147
 178 179 180 179 133  26  81 160 168 156 177 158  83  26  82 174
 178 180 180 178 142  25  92 127 176  73 147  98  25  62 170 175
 179 179 178 177 177  52  26  69  81  47  33  25  75 169 175 175
 177 177 177 177 177 159  74  26  25  29  67 129 175 175 174 173
 175 178 177 176 174 174 175 170 166 173 172 172 172 172 170 167
 192 192 192 194 194 194 194 193 172 145 136 158 190 190 190 190
 192 193 193 193 195 195 154  76  36  35  34  36  68 170 192 190
 192 193 177 117  96  63  36  35  36 108  49  33  35  53 174 189
 192 162  53  36  35  34  35  34 116  99  34  34  34  33  74 189
 163  44 152  85  35  34  35  45 168  77  35  33  33  33  34 151
  55  34  33  33  34  34  34 104 117  35  34  34  33  33  33 100
  68  33  32  32  33  33  34 124  90  35  35  34  33  44  33  66
 176  65  34  37  32  32  73 159 186 173 168 161 139  90  32  58
 191 188 179 192 138 129 142  72  39  34  33  33  32  33  32  69
 192 192 192 192 191 122  33  32  69  75  88  33  53  33  31 102
 191 191 192 191 177  39  38 115  94  68 178  99 110  32  30 155
 190 191 192 191 145  32  90 171 180 167 189 171  96  32  89 186
 189 191 192 190 153  31 103 141 188  86 159 111  32  69 180 187
 190 190 189 188 187  57  31  78  94  56  42  31  81 179 186 187
 188 188 188 188 188 169  79  32  31  35  72 137 186 186 185 185
 187 189 190 188 187 186 186 181 175 183 183 186 183 184 183 180

 173 172 173 172 138  91  59  51  62  95 145 169 171 171 170 162
 176 177 161  69  30  29  29  28  28  27  30  88 168 173 173 167
 176 158  49  29  29  29  39  77  29  29  29  29  68 168 174 167
 175  62  31  30  29  29  30 125  29  48 100  84  30  81 172 166
 147  32  29  30  29  30  32 143  30  32  98 156  99  29 132 168
 123  30  42  30  31  30  34 149  29  81 164 174 144  37  72 166
 131  31  97  89  67  30  33 154  30  68  67 157  81  49  36 168
 157  32  32 105 152 105  83 168  33  64  87 167 173  82  31 163
 176  68  31  30  40  94 113 145  62  30 109 159 129  69  35 165
 176 139  32  31  31  30  30  67 126  30  35  83  91  29  81 167
 177 177  56  30  30  30  29  29 120 111  36  30  33  62 158 168
 177 176  85  31  31  29  29  30 131 176 162 135 143 174 174 169
 177 177 107  33  77  29  29  36 176 177 176 176 175 174 174 171
 177 178 162  51 133  30  29  32 167 177 177 177 177 175 174 172
 177 178 178 149  41  30  30  66 174 177 176 176 177 176 174 172
 175 176 176 176 148  53  70 162 175 176 175 174 175 175 173 168
 178 178 177 177 139  91  57  51  62  94 147 174 175 175 173 167
 178 180 162  64  26  25  25  24  24  24  24  82 170 175 174 170
 178 158  44  25  25  25  35  77  25  25  25  26  62 169 175 172
 178  57  27  26  25  25  25 124  25  45  97  83  25  75 175 172
 146  28  25  26  25  26  25 144  26  25  90 158  98  25 129 172
 122  26  38  26  27  26  26 152  25  77 166 177 147  33  67 172
 131  27  95  83  63  26  26 157  25  66  59 156  73  47  29 173
 158  27  28 103 153 102  75 170  29  60  82 168 176  81  25 166
 179  64  27  26  36  93 112 145  59  26 104 160 127  69  26 170
 178 138  27  27  27  26  26  63 127  25  31  81  92  26  74 175
 179 179  51  26  26  26  25  25 117 110  30  26  25  52 159 174
 179 179  82  27  27  26  25  25 127 179 165 133 142 177 177 174
 179 179 103  27  74  25  25  29 179 180 179 179 178 177 177 176
 180 181 165  42 136  26  25  26 168 180 180 180 180 178 177 177
 179 181 180 150  35  26  26  57 177 180 179 179 180 179 177 178
 180 180 180 180 151  46  62 164 179 180 179 178 178 179 177 175
 190 190 189 189 151 100  66  58  69 102 155 186 187 187 185 180
 190 192 174  74  34  33  33  32  32  31  30  89 180 186 185 183
 190 170  53  33  33  33  44  90  33  33  32  32  69 179 186 184
 190  68  35  34  33  33  33 139  32  53 110  96  32  81 186 183
 158  36  33  34  33  34  34 161  33  33  99 171 111  31 137 186
 136  34  49  34  35  34  35 168  33  88 178 189 159  42  72 183
 145  35 108  99  77  35  35 173  34  75  68 167  86  56  35 183
 172  36  36 116 168 117  90 186  39  69  94 180 188  94  31 175
 193  76  35  34  45 104 124 159  72  32 115 171 141  78  32 181
 194 154  36  35  35  34  34  73 142  33  38  90 103  31  79 186
 194 195  63  34  34  34  33  32 129 122  39  32  31  57 169 186
 194 195  96  35  35  34  33  32 138 191 177 145 153 187 188 187
 194 193 117  36  85  33  32  37 192 192 191 191 190 188 188 188
 192 193 177  53 152  33  32  34 179 192 192 192 192 189 188 190
 192 193 193 162  44  34  33  65 188 192 191 191 191 190 188 189
 192 192 192 192 163  55  68 176 191 192 191 190 189 190 188 187

 162 167 167 166 168 166 168 163 165 167 168 169 171 172 172 168
 170 173 174 172 132  72  36  31  35  81 158 174 174 174 174 173
 171 173 168  81  29  37  49  82  69  29  62 174 174 175 176 175
 171 168  68  30  99 144  81 173 129  91  33 143 175 177 177 175
 169  88  29  84 156 174 157 167 159  83  30 135 176 177 176 174
 145  30  29 100  98 164  67  87 109  35  36 162 176 177 176 175
  95  27  29  48  32  81  68  64  30  30 111 176 177 177 177 176
  62  28  29  29  30  29  30  33  62 126 120 131 176 167 174 175
  51  28  77 125 143 149 154 168 145  67  29  30  36  32  66 162
  59  29  39  30  32  34  33  83 113  30  29  29  29  29  30  70
  91  29  29  29  30  30  30 105  94  30  30  29  29  30  30  53
 138  30  29  29  29  31  67 152  40  31  30  31  77 133  41 148
 172  69  29  30  30  30  89 105  30  31  30  31  33  51 149 176
 173 161  49  31  29  42  97  32  31  32  56  85 107 162 178 176
 172 177 158  62  32  30  31  32  68 139 177 176 177 178 178 176
 173 176 176 175 147 123 131 157 176 176 177 177 177 177 177 175
 167 170 172 172 172 172 173 166 170 175 174 174 176 177 178 175
 173 174 175 175 129  67  29  25  26  74 159 177 177 177 177 177
 175 175 169  75  25  33  47  81  69  26  52 177 177 178 179 179
 175 170  62  25  98 147  73 176 127  92  25 142 178 180 180 178
 174  82  26  83 158 177 156 168 160  81  26 133 179 180 179 178
 147  24  25  97  90 166  59  82 104  31  30 165 179 180 179 179
  94  24  25  45  25  77  66  60  26  25 110 179 180 180 180 180
  62  24  25  25  26  25  25  29  59 127 117 127 179 168 177 179
  51  24  77 124 144 152 157 170 145  63  25  25  29  26  57 164
  57  25  35  25  25  26  26  75 112  26  25  25  25  25  26  62
  91  25  25  25  26  26  26 102  93  26  26  26  25  26  26  46
 139  26  25  25  25  27  63 153  36  27  26  27  74 136  35 151
 177  64  25  26  26  26  83 103  26  27  26  27  27  42 150 180
 177 162  44  27  25  38  95  28  27  27  51  82 103 165 180 180
 178 180 158  57  28  26  27  27  64 138 179 179 179 181 181 180
 178 178 178 178 146 122 131 158 179 178 179 179 179 180 179 180
 180 183 184 183 186 183 183 175 181 186 186 187 188 190 189 187
 185 185 186 186 137  72  35  31  32  79 169 188 188 188 188 188
 187 186 179  81  31  42  56  94  78  31  57 187 188 189 190 190
 187 180  69  32 111 159  86 188 141 103  31 153 190 192 191 189
 186  89  32  96 171 189 167 180 171  90  32 145 191 192 191 190
 155  30  32 110  99 178  68  94 115  38  39 177 191 192 191 191
 102  31  33  53  33  88  75  69  32  33 122 191 192 192 192 192
  69  32  33  32  33  33  34  39  72 142 129 138 192 179 188 191
  58  32  90 139 161 168 173 186 159  73  32  32  37  34  65 176
  66  33  44  33  34  35  35  90 124  34  33  33  32  32  33  68
 100  33  33  33  34  34  35 117 104  34  34  34  33  33  34  55
 151  34  33  33  33  35  77 168  45  35  34  35  85 152  44 163
 189  74  33  34  34  34  99 116  34  35  34  35  36  53 162 192
 189 174  53  35  33  49 108  36  35  36  63  96 117 177 193 192
 190 192 170  68  36  34  35  36  76 154 195 195 193 193 193 192
 190 190 190 190 158 136 145 172 193 194 194 194 194 192 192 192

 168 173 175 175 174 175 176 175 162  70  53 148 176 176 176 175
 172 174 176 177 176 176 177 174  66  30  30  41 149 178 178 177
 172 174 175 177 177 177 177 167  32  29  30 133  51 162 178 177
 171 174 174 175 176 176 177 176  36  29  29  77  33 107 177 177
 169 174 174 143 135 162 176 131  30  29  29  31  31  85 176 177
 168 158  62  33  30  36 111 120  29  29  30  30  30  56 177 177
 167  81  29  91  83  35  30 126  67  30  30  31  31  32 139 176
 165  35  69 129 159 109  30  62 145 113  94  40  30  31  68 176
 163  31  82 173 167  87  64  33 168  83 105 152 105  32  32 157
 168  36  49  81 157  67  68  30 154  33  30  67  89  97  31 131
 166  72  37 144 174 164  81  29 149  34  30  31  30  42  30 123
 168 132  29  99 156  98  32  30 143  32  30  29  30  29  32 147
 166 172  81  30  84 100  48  29 125  30  29  29  30  31  62 175
 167 174 168  68  29  29  29  29  77  39  29  29  29  49 158 176
 167 173 173 168  88  30  27  28  28  29  29  30  69 161 177 176
 162 170 171 171 169 145  95  62  51  59  91 138 172 173 172 173
 175 177 179 178 178 179 180 179 164  62  46 151 180 180 180 180
 178 177 179 180 179 179 180 177  57  26  26  35 150 180 181 179
 177 177 178 180 180 180 180 168  26  25  26 136  42 165 181 180
 176 177 177 178 179 179 180 179  29  25  25  74  27 103 179 179
 174 177 177 142 133 165 179 127  25  25  26  27  27  82 179 179
 174 159  52  25  26  30 110 117  25  25  26  26  26  51 179 179
 175  74  26  92  81  31  25 127  63  26  26  27  27  27 138 178
 170  26  69 127 160 104  26  59 145 112  93  36  26  27  64 179
 166  25  81 176 168  82  60  29 170  75 102 153 103  28  27 158
 173  29  47  73 156  59  66  25 157  26  26  63  83  95  27 131
 172  67  33 147 177 166  77  25 152  26  26  27  26  38  26 122
 172 129  25  98 158  90  25  26 144  25  26  25  26  25  28 146
 172 175  75  25  83  97  45  25 124  25  25  25  26  27  57 178
 172 175 169  62  26  25  25  25  77  35  25  25  25  44 158 178
 170 174 175 170  82  24  24  24  24  25  25  26  64 162 180 178
 167 173 175 175 174 147  94  62  51  57  91 139 177 177 178 178
 187 188 190 189 190 191 192 191 176  68  55 163 192 192 192 192
 189 188 190 191 191 191 192 188  65  33  34  44 162 193 193 192
 190 188 189 192 192 192 192 179  34  32  33 152  53 177 193 192
 188 188 188 190 191 191 192 192  37  32  33  85  36 117 193 194
 187 188 187 153 145 177 191 138  32  33  34  35  35  96 195 194
 186 169  57  31  32  39 122 129  32  33  34  34  34  63 195 194
 186  79  31 103  90  38  33 142  73  34  34  35  35  36 154 194
 181  32  78 141 171 115  32  72 159 124 104  45  34  35  76 193
 175  31  94 188 180  94  69  39 186  90 117 168 116  36  36 172
 183  35  56  86 167  68  75  34 173  35  35  77  99 108  35 145
 183  72  42 159 189 178  88  33 168  35  34  35  34  49  34 136
 186 137  31 111 171  99  33  33 161  34  34  33  34  33  36 158
 183 186  81  32  96 110  53  32 139  33  33  33  34  35  68 190
 184 186 179  69  32  32  33  33  90  44  33  33  33  53 170 190
 183 185 186 180  89  30  31  32  32  33  33  34  74 174 192 190
 180 185 187 187 186 155 102  69  58  66 100 151 189 189 190 190

